Epoch | Train Loss | Test Loss  | Accuracy | Error Rate | Precision | Recall | Specificity |  NPV   |  FPR   |  FNR   | F1 Score | Fbeta Score
    1 |  0.5534    |   0.1904   |  94.51%  |   0.0549   |  0.9746   | 0.6814 |   0.9965    | 0.9413 | 0.0035 | 0.3186 |  0.8020  | 0.8020
    2 |  0.1750    |   0.1276   |  96.11%  |   0.0389   |  0.9928   | 0.7438 |   0.9991    | 0.9571 | 0.0009 | 0.2562 |  0.8504  | 0.8504
    3 |  0.1308    |   0.1143   |  96.33%  |   0.0367   |  0.9868   | 0.7610 |   0.9982    | 0.9603 | 0.0018 | 0.2390 |  0.8593  | 0.8593
    4 |  0.1087    |   0.0792   |  97.68%  |   0.0232   |  0.9869   | 0.8387 |   0.9983    | 0.9755 | 0.0017 | 0.1613 |  0.9068  | 0.9068
    5 |  0.0929    |   0.0693   |  97.75%  |   0.0225   |  0.9860   | 0.8434 |   0.9982    | 0.9764 | 0.0018 | 0.1566 |  0.9092  | 0.9092
    6 |  0.0820    |   0.0780   |  97.53%  |   0.0247   |  0.9659   | 0.8455 |   0.9954    | 0.9765 | 0.0046 | 0.1545 |  0.9017  | 0.9017
    7 |  0.0751    |   0.0545   |  98.19%  |   0.0181   |  0.9920   | 0.8672 |   0.9990    | 0.9806 | 0.0010 | 0.1328 |  0.9254  | 0.9254
    8 |  0.0667    |   0.0558   |  98.13%  |   0.0187   |  0.9818   | 0.8722 |   0.9976    | 0.9812 | 0.0024 | 0.1278 |  0.9238  | 0.9238
    9 |  0.0618    |   0.0473   |  98.45%  |   0.0155   |  0.9809   | 0.8949 |   0.9975    | 0.9850 | 0.0025 | 0.1051 |  0.9359  | 0.9359
   10 |  0.0579    |   0.0475   |  98.52%  |   0.0148   |  0.9947   | 0.8881 |   0.9993    | 0.9840 | 0.0007 | 0.1119 |  0.9384  | 0.9384
   11 |  0.0534    |   0.0524   |  98.25%  |   0.0175   |  0.9921   | 0.8718 |   0.9990    | 0.9813 | 0.0010 | 0.1282 |  0.9281  | 0.9281
   12 |  0.0491    |   0.0452   |  98.56%  |   0.0144   |  0.9852   | 0.8991 |   0.9981    | 0.9857 | 0.0019 | 0.1009 |  0.9402  | 0.9402
   13 |  0.0485    |   0.0436   |  98.48%  |   0.0152   |  0.9869   | 0.8920 |   0.9983    | 0.9845 | 0.0017 | 0.1080 |  0.9370  | 0.9370
   14 |  0.0462    |   0.0455   |  98.56%  |   0.0144   |  0.9982   | 0.8867 |   0.9998    | 0.9840 | 0.0002 | 0.1133 |  0.9391  | 0.9391
   15 |  0.0431    |   0.0426   |  98.55%  |   0.0145   |  0.9801   | 0.9027 |   0.9974    | 0.9862 | 0.0026 | 0.0973 |  0.9398  | 0.9398
   16 |  0.0409    |   0.0343   |  98.94%  |   0.0106   |  0.9965   | 0.9171 |   0.9995    | 0.9885 | 0.0005 | 0.0829 |  0.9551  | 0.9551
   17 |  0.0403    |   0.0373   |  98.75%  |   0.0125   |  0.9895   | 0.9091 |   0.9986    | 0.9872 | 0.0014 | 0.0909 |  0.9476  | 0.9476
   18 |  0.0388    |   0.0365   |  98.77%  |   0.0123   |  0.9930   | 0.9074 |   0.9991    | 0.9870 | 0.0009 | 0.0926 |  0.9483  | 0.9483
   19 |  0.0382    |   0.0355   |  98.93%  |   0.0107   |  0.9930   | 0.9194 |   0.9991    | 0.9888 | 0.0009 | 0.0806 |  0.9548  | 0.9548
   20 |  0.0375    |   0.0355   |  98.86%  |   0.0114   |  0.9912   | 0.9157 |   0.9989    | 0.9883 | 0.0011 | 0.0843 |  0.9519  | 0.9519
   21 |  0.0352    |   0.0304   |  99.02%  |   0.0098   |  0.9956   | 0.9238 |   0.9994    | 0.9895 | 0.0006 | 0.0762 |  0.9584  | 0.9584
   22 |  0.0343    |   0.0318   |  99.02%  |   0.0098   |  0.9861   | 0.9326 |   0.9982    | 0.9907 | 0.0018 | 0.0674 |  0.9586  | 0.9586
   23 |  0.0328    |   0.0353   |  98.97%  |   0.0103   |  0.9861   | 0.9287 |   0.9982    | 0.9902 | 0.0018 | 0.0713 |  0.9566  | 0.9566
   24 |  0.0324    |   0.0302   |  99.01%  |   0.0099   |  0.9912   | 0.9271 |   0.9989    | 0.9900 | 0.0011 | 0.0729 |  0.9581  | 0.9581
   25 |  0.0324    |   0.0299   |  99.01%  |   0.0099   |  0.9886   | 0.9294 |   0.9985    | 0.9903 | 0.0015 | 0.0706 |  0.9581  | 0.9581
   26 |  0.0306    |   0.0288   |  99.03%  |   0.0097   |  0.9973   | 0.9230 |   0.9997    | 0.9894 | 0.0003 | 0.0770 |  0.9587  | 0.9587
   27 |  0.0284    |   0.0272   |  99.20%  |   0.0080   |  0.9852   | 0.9474 |   0.9981    | 0.9929 | 0.0019 | 0.0526 |  0.9660  | 0.9660
   28 |  0.0290    |   0.0302   |  99.00%  |   0.0100   |  0.9947   | 0.9231 |   0.9993    | 0.9894 | 0.0007 | 0.0769 |  0.9576  | 0.9576
   29 |  0.0271    |   0.0304   |  99.04%  |   0.0096   |  0.9956   | 0.9256 |   0.9994    | 0.9897 | 0.0006 | 0.0744 |  0.9593  | 0.9593
   30 |  0.0278    |   0.0292   |  98.96%  |   0.0104   |  0.9878   | 0.9265 |   0.9984    | 0.9898 | 0.0016 | 0.0735 |  0.9562  | 0.9562
   31 |  0.0268    |   0.0317   |  98.98%  |   0.0102   |  0.9939   | 0.9226 |   0.9992    | 0.9893 | 0.0008 | 0.0774 |  0.9569  | 0.9569
   32 |  0.0280    |   0.0288   |  99.06%  |   0.0094   |  0.9878   | 0.9341 |   0.9984    | 0.9910 | 0.0016 | 0.0659 |  0.9602  | 0.9602
   33 |  0.0248    |   0.0247   |  99.18%  |   0.0082   |  0.9974   | 0.9347 |   0.9997    | 0.9911 | 0.0003 | 0.0653 |  0.9650  | 0.9650
   34 |  0.0253    |   0.0279   |  99.10%  |   0.0090   |  0.9913   | 0.9340 |   0.9989    | 0.9910 | 0.0011 | 0.0660 |  0.9618  | 0.9618
   35 |  0.0252    |   0.0251   |  99.19%  |   0.0081   |  0.9947   | 0.9378 |   0.9993    | 0.9915 | 0.0007 | 0.0622 |  0.9654  | 0.9654
   36 |  0.0228    |   0.0278   |  99.16%  |   0.0084   |  0.9965   | 0.9339 |   0.9995    | 0.9910 | 0.0005 | 0.0661 |  0.9642  | 0.9642
   37 |  0.0243    |   0.0271   |  98.94%  |   0.0106   |  0.9887   | 0.9241 |   0.9985    | 0.9895 | 0.0015 | 0.0759 |  0.9553  | 0.9553
   38 |  0.0232    |   0.0252   |  99.13%  |   0.0087   |  0.9913   | 0.9364 |   0.9989    | 0.9913 | 0.0011 | 0.0636 |  0.9630  | 0.9630
   39 |  0.0232    |   0.0267   |  99.16%  |   0.0084   |  0.9921   | 0.9380 |   0.9990    | 0.9915 | 0.0010 | 0.0620 |  0.9643  | 0.9643
   40 |  0.0242    |   0.0252   |  99.12%  |   0.0088   |  0.9861   | 0.9403 |   0.9982    | 0.9919 | 0.0018 | 0.0597 |  0.9627  | 0.9627
   41 |  0.0222    |   0.0276   |  99.13%  |   0.0087   |  0.9913   | 0.9365 |   0.9989    | 0.9913 | 0.0011 | 0.0635 |  0.9631  | 0.9631
   42 |  0.0220    |   0.0262   |  99.16%  |   0.0084   |  0.9895   | 0.9403 |   0.9986    | 0.9919 | 0.0014 | 0.0597 |  0.9643  | 0.9643
   43 |  0.0211    |   0.0284   |  99.05%  |   0.0095   |  0.9921   | 0.9294 |   0.9990    | 0.9903 | 0.0010 | 0.0706 |  0.9597  | 0.9597
   44 |  0.0192    |   0.0231   |  99.35%  |   0.0065   |  0.9974   | 0.9481 |   0.9997    | 0.9930 | 0.0003 | 0.0519 |  0.9721  | 0.9721
   45 |  0.0210    |   0.0235   |  99.21%  |   0.0079   |  0.9930   | 0.9409 |   0.9991    | 0.9920 | 0.0009 | 0.0591 |  0.9663  | 0.9663
   46 |  0.0214    |   0.0255   |  99.24%  |   0.0076   |  0.9947   | 0.9418 |   0.9993    | 0.9921 | 0.0007 | 0.0582 |  0.9675  | 0.9675
   47 |  0.0192    |   0.0274   |  99.11%  |   0.0089   |  0.9939   | 0.9325 |   0.9992    | 0.9907 | 0.0008 | 0.0675 |  0.9622  | 0.9622
   48 |  0.0200    |   0.0250   |  99.21%  |   0.0079   |  0.9956   | 0.9385 |   0.9994    | 0.9917 | 0.0006 | 0.0615 |  0.9662  | 0.9662
