Epoch | Train Loss | Test Loss  | Accuracy | Error Rate | Precision | Recall | Specificity |  NPV   |  FPR   |  FNR   | F1 Score | Fbeta Score
    1 |  2.2808    |   2.2317   |  32.56%  |   0.6744   |  0.8097   | 0.1109 |   0.9270    | 0.2713 | 0.0730 | 0.8891 |  0.1950  | 0.1950
    2 |  2.1451    |   1.9813   |  43.71%  |   0.5629   |  0.5043   | 0.1987 |   0.7466    | 0.4179 | 0.2534 | 0.8013 |  0.2850  | 0.2850
    3 |  1.8800    |   1.6696   |  55.45%  |   0.4455   |  0.6390   | 0.2273 |   0.8744    | 0.5365 | 0.1256 | 0.7727 |  0.3354  | 0.3354
    4 |  1.6103    |   1.3908   |  59.62%  |   0.4038   |  0.8554   | 0.2261 |   0.9622    | 0.5570 | 0.0378 | 0.7739 |  0.3576  | 0.3576
    5 |  1.3958    |   1.1450   |  63.63%  |   0.3637   |  0.8891   | 0.2429 |   0.9740    | 0.5998 | 0.0260 | 0.7571 |  0.3816  | 0.3816
    6 |  1.2364    |   1.0102   |  66.99%  |   0.3301   |  0.9266   | 0.2592 |   0.9843    | 0.6345 | 0.0157 | 0.7408 |  0.4051  | 0.4051
    7 |  1.1118    |   0.8619   |  70.50%  |   0.2950   |  0.9629   | 0.2774 |   0.9928    | 0.6712 | 0.0072 | 0.7226 |  0.4307  | 0.4307
    8 |  1.0046    |   0.7573   |  76.96%  |   0.2304   |  0.9747   | 0.3295 |   0.9956    | 0.7430 | 0.0044 | 0.6705 |  0.4925  | 0.4925
    9 |  0.9175    |   0.6625   |  81.02%  |   0.1898   |  0.9630   | 0.3763 |   0.9939    | 0.7901 | 0.0061 | 0.6237 |  0.5411  | 0.5411
   10 |  0.8347    |   0.5822   |  86.05%  |   0.1395   |  0.9782   | 0.4502 |   0.9967    | 0.8453 | 0.0033 | 0.5498 |  0.6167  | 0.6167
   11 |  0.7648    |   0.4921   |  87.72%  |   0.1228   |  0.9798   | 0.4813 |   0.9970    | 0.8640 | 0.0030 | 0.5187 |  0.6455  | 0.6455
   12 |  0.7048    |   0.4445   |  89.39%  |   0.1061   |  0.9807   | 0.5181 |   0.9972    | 0.8827 | 0.0028 | 0.4819 |  0.6780  | 0.6780
   13 |  0.6514    |   0.3799   |  90.87%  |   0.0913   |  0.9850   | 0.5551 |   0.9979    | 0.8989 | 0.0021 | 0.4449 |  0.7101  | 0.7101
   14 |  0.6123    |   0.3444   |  91.39%  |   0.0861   |  0.9841   | 0.5692 |   0.9978    | 0.9049 | 0.0022 | 0.4308 |  0.7213  | 0.7213
   15 |  0.5689    |   0.2978   |  92.52%  |   0.0748   |  0.9850   | 0.6044 |   0.9979    | 0.9176 | 0.0021 | 0.3956 |  0.7492  | 0.7492
   16 |  0.5376    |   0.2712   |  93.12%  |   0.0688   |  0.9868   | 0.6249 |   0.9982    | 0.9241 | 0.0018 | 0.3751 |  0.7652  | 0.7652
   17 |  0.5149    |   0.2553   |  93.54%  |   0.0646   |  0.9860   | 0.6406 |   0.9981    | 0.9289 | 0.0019 | 0.3594 |  0.7766  | 0.7766
   18 |  0.4841    |   0.2311   |  94.05%  |   0.0595   |  0.9877   | 0.6584 |   0.9983    | 0.9345 | 0.0017 | 0.3416 |  0.7901  | 0.7901
   19 |  0.4610    |   0.2237   |  94.00%  |   0.0600   |  0.9938   | 0.6536 |   0.9992    | 0.9332 | 0.0008 | 0.3464 |  0.7886  | 0.7886
   20 |  0.4440    |   0.2027   |  94.65%  |   0.0535   |  0.9911   | 0.6803 |   0.9988    | 0.9408 | 0.0012 | 0.3197 |  0.8068  | 0.8068
   21 |  0.4197    |   0.1884   |  94.94%  |   0.0506   |  0.9876   | 0.6946 |   0.9983    | 0.9445 | 0.0017 | 0.3054 |  0.8156  | 0.8156
   22 |  0.4048    |   0.1783   |  95.20%  |   0.0480   |  0.9920   | 0.7036 |   0.9989    | 0.9469 | 0.0011 | 0.2964 |  0.8233  | 0.8233
   23 |  0.3915    |   0.1748   |  95.23%  |   0.0477   |  0.9868   | 0.7081 |   0.9982    | 0.9479 | 0.0018 | 0.2919 |  0.8246  | 0.8246
   24 |  0.3785    |   0.1616   |  95.55%  |   0.0445   |  0.9885   | 0.7211 |   0.9985    | 0.9513 | 0.0015 | 0.2789 |  0.8339  | 0.8339
   25 |  0.3687    |   0.1507   |  95.86%  |   0.0414   |  0.9877   | 0.7370 |   0.9983    | 0.9549 | 0.0017 | 0.2630 |  0.8441  | 0.8441
   26 |  0.3523    |   0.1427   |  96.17%  |   0.0383   |  0.9920   | 0.7495 |   0.9989    | 0.9578 | 0.0011 | 0.2505 |  0.8539  | 0.8539
   27 |  0.3430    |   0.1442   |  95.64%  |   0.0436   |  0.9929   | 0.7237 |   0.9991    | 0.9518 | 0.0009 | 0.2763 |  0.8372  | 0.8372
   28 |  0.3332    |   0.1385   |  95.72%  |   0.0428   |  0.9920   | 0.7277 |   0.9989    | 0.9528 | 0.0011 | 0.2723 |  0.8396  | 0.8396
   29 |  0.3228    |   0.1322   |  96.25%  |   0.0375   |  0.9851   | 0.7583 |   0.9980    | 0.9596 | 0.0020 | 0.2417 |  0.8569  | 0.8569
   30 |  0.3178    |   0.1279   |  96.39%  |   0.0361   |  0.9903   | 0.7629 |   0.9987    | 0.9605 | 0.0013 | 0.2371 |  0.8618  | 0.8618
   31 |  0.3106    |   0.1223   |  96.51%  |   0.0349   |  0.9920   | 0.7668 |   0.9989    | 0.9617 | 0.0011 | 0.2332 |  0.8650  | 0.8650
   32 |  0.3011    |   0.1231   |  96.30%  |   0.0370   |  0.9938   | 0.7551 |   0.9992    | 0.9591 | 0.0008 | 0.2449 |  0.8581  | 0.8581
   33 |  0.2918    |   0.1166   |  96.61%  |   0.0339   |  0.9929   | 0.7719 |   0.9991    | 0.9627 | 0.0009 | 0.2281 |  0.8686  | 0.8686
   34 |  0.2823    |   0.1136   |  96.62%  |   0.0338   |  0.9912   | 0.7735 |   0.9988    | 0.9630 | 0.0012 | 0.2265 |  0.8689  | 0.8689
   35 |  0.2801    |   0.1145   |  96.56%  |   0.0344   |  0.9903   | 0.7705 |   0.9987    | 0.9625 | 0.0013 | 0.2295 |  0.8667  | 0.8667
   36 |  0.2729    |   0.1063   |  96.74%  |   0.0326   |  0.9911   | 0.7795 |   0.9988    | 0.9644 | 0.0012 | 0.2205 |  0.8727  | 0.8727
   37 |  0.2697    |   0.1026   |  96.91%  |   0.0309   |  0.9877   | 0.7923 |   0.9984    | 0.9667 | 0.0016 | 0.2077 |  0.8792  | 0.8792
   38 |  0.2624    |   0.1066   |  96.92%  |   0.0308   |  0.9868   | 0.7929 |   0.9983    | 0.9669 | 0.0017 | 0.2071 |  0.8793  | 0.8793
   39 |  0.2606    |   0.0989   |  96.99%  |   0.0301   |  0.9886   | 0.7962 |   0.9985    | 0.9675 | 0.0015 | 0.2038 |  0.8820  | 0.8820
   40 |  0.2478    |   0.1032   |  96.85%  |   0.0315   |  0.9885   | 0.7879 |   0.9985    | 0.9659 | 0.0015 | 0.2121 |  0.8769  | 0.8769
   41 |  0.2495    |   0.0997   |  96.88%  |   0.0312   |  0.9903   | 0.7886 |   0.9987    | 0.9661 | 0.0013 | 0.2114 |  0.8780  | 0.8780
   42 |  0.2440    |   0.1022   |  96.99%  |   0.0301   |  0.9938   | 0.7921 |   0.9992    | 0.9669 | 0.0008 | 0.2079 |  0.8815  | 0.8815
   43 |  0.2425    |   0.0965   |  97.13%  |   0.0287   |  0.9903   | 0.8027 |   0.9987    | 0.9689 | 0.0013 | 0.1973 |  0.8867  | 0.8867
   44 |  0.2406    |   0.0937   |  97.25%  |   0.0275   |  0.9929   | 0.8083 |   0.9991    | 0.9699 | 0.0009 | 0.1917 |  0.8912  | 0.8912
   45 |  0.2331    |   0.0982   |  96.96%  |   0.0304   |  0.9903   | 0.7926 |   0.9987    | 0.9670 | 0.0013 | 0.2074 |  0.8805  | 0.8805
   46 |  0.2274    |   0.0991   |  97.22%  |   0.0278   |  0.9894   | 0.8088 |   0.9986    | 0.9700 | 0.0014 | 0.1912 |  0.8900  | 0.8900
   47 |  0.2297    |   0.0922   |  97.15%  |   0.0285   |  0.9929   | 0.8020 |   0.9991    | 0.9688 | 0.0009 | 0.1980 |  0.8873  | 0.8873
   48 |  0.2234    |   0.0886   |  97.32%  |   0.0268   |  0.9894   | 0.8144 |   0.9986    | 0.9711 | 0.0014 | 0.1856 |  0.8934  | 0.8934
   49 |  0.2229    |   0.0877   |  97.33%  |   0.0267   |  0.9947   | 0.8114 |   0.9993    | 0.9706 | 0.0007 | 0.1886 |  0.8938  | 0.8938
   50 |  0.2195    |   0.0869   |  97.36%  |   0.0264   |  0.9912   | 0.8161 |   0.9988    | 0.9713 | 0.0012 | 0.1839 |  0.8952  | 0.8952
   51 |  0.2207    |   0.0825   |  97.54%  |   0.0246   |  0.9938   | 0.8245 |   0.9992    | 0.9731 | 0.0008 | 0.1755 |  0.9013  | 0.9013
   52 |  0.2128    |   0.0843   |  97.52%  |   0.0248   |  0.9894   | 0.8261 |   0.9986    | 0.9734 | 0.0014 | 0.1739 |  0.9004  | 0.9004
   53 |  0.2079    |   0.0838   |  97.53%  |   0.0247   |  0.9947   | 0.8232 |   0.9993    | 0.9728 | 0.0007 | 0.1768 |  0.9008  | 0.9008
   54 |  0.2130    |   0.0845   |  97.47%  |   0.0253   |  0.9903   | 0.8226 |   0.9987    | 0.9727 | 0.0013 | 0.1774 |  0.8987  | 0.8987
   55 |  0.2078    |   0.0765   |  97.72%  |   0.0228   |  0.9956   | 0.8344 |   0.9994    | 0.9749 | 0.0006 | 0.1656 |  0.9079  | 0.9079
   56 |  0.2012    |   0.0759   |  97.72%  |   0.0228   |  0.9912   | 0.8379 |   0.9988    | 0.9754 | 0.0012 | 0.1621 |  0.9081  | 0.9081
   57 |  0.2045    |   0.0765   |  97.72%  |   0.0228   |  0.9938   | 0.8348 |   0.9992    | 0.9751 | 0.0008 | 0.1652 |  0.9074  | 0.9074
   58 |  0.1968    |   0.0769   |  97.93%  |   0.0207   |  0.9947   | 0.8488 |   0.9993    | 0.9773 | 0.0007 | 0.1512 |  0.9160  | 0.9160
   59 |  0.2018    |   0.0758   |  97.86%  |   0.0214   |  0.9903   | 0.8468 |   0.9987    | 0.9771 | 0.0013 | 0.1532 |  0.9129  | 0.9129
   60 |  0.1894    |   0.0804   |  97.59%  |   0.0241   |  0.9921   | 0.8292 |   0.9990    | 0.9738 | 0.0010 | 0.1708 |  0.9033  | 0.9033
   61 |  0.1872    |   0.0793   |  97.63%  |   0.0237   |  0.9894   | 0.8333 |   0.9986    | 0.9746 | 0.0014 | 0.1667 |  0.9047  | 0.9047
   62 |  0.1844    |   0.0726   |  97.78%  |   0.0222   |  0.9938   | 0.8393 |   0.9992    | 0.9758 | 0.0008 | 0.1607 |  0.9100  | 0.9100
   63 |  0.1851    |   0.0774   |  97.71%  |   0.0229   |  0.9903   | 0.8378 |   0.9987    | 0.9754 | 0.0013 | 0.1622 |  0.9077  | 0.9077
   64 |  0.1840    |   0.0806   |  97.64%  |   0.0236   |  0.9938   | 0.8306 |   0.9992    | 0.9742 | 0.0008 | 0.1694 |  0.9049  | 0.9049
   65 |  0.1826    |   0.0735   |  97.86%  |   0.0214   |  0.9929   | 0.8453 |   0.9991    | 0.9768 | 0.0009 | 0.1547 |  0.9132  | 0.9132
   66 |  0.1783    |   0.0731   |  97.76%  |   0.0224   |  0.9929   | 0.8383 |   0.9991    | 0.9757 | 0.0009 | 0.1617 |  0.9091  | 0.9091
   67 |  0.1804    |   0.0705   |  97.88%  |   0.0212   |  0.9956   | 0.8448 |   0.9994    | 0.9767 | 0.0006 | 0.1552 |  0.9140  | 0.9140
   68 |  0.1787    |   0.0742   |  97.79%  |   0.0221   |  0.9903   | 0.8428 |   0.9987    | 0.9763 | 0.0013 | 0.1572 |  0.9106  | 0.9106
   69 |  0.1765    |   0.0711   |  97.78%  |   0.0222   |  0.9912   | 0.8414 |   0.9988    | 0.9761 | 0.0012 | 0.1586 |  0.9102  | 0.9102
   70 |  0.1775    |   0.0650   |  97.94%  |   0.0206   |  0.9938   | 0.8498 |   0.9992    | 0.9776 | 0.0008 | 0.1502 |  0.9162  | 0.9162
   71 |  0.1741    |   0.0756   |  97.69%  |   0.0231   |  0.9894   | 0.8371 |   0.9986    | 0.9753 | 0.0014 | 0.1629 |  0.9069  | 0.9069
   72 |  0.1726    |   0.0661   |  98.12%  |   0.0188   |  0.9921   | 0.8631 |   0.9990    | 0.9798 | 0.0010 | 0.1369 |  0.9231  | 0.9231
   73 |  0.1731    |   0.0680   |  97.90%  |   0.0210   |  0.9921   | 0.8488 |   0.9990    | 0.9773 | 0.0010 | 0.1512 |  0.9148  | 0.9148
   74 |  0.1701    |   0.0704   |  97.86%  |   0.0214   |  0.9956   | 0.8433 |   0.9994    | 0.9764 | 0.0006 | 0.1567 |  0.9131  | 0.9131
   75 |  0.1663    |   0.0669   |  98.03%  |   0.0197   |  0.9921   | 0.8569 |   0.9990    | 0.9788 | 0.0010 | 0.1431 |  0.9196  | 0.9196
   76 |  0.1679    |   0.0657   |  98.02%  |   0.0198   |  0.9973   | 0.8522 |   0.9997    | 0.9780 | 0.0003 | 0.1478 |  0.9191  | 0.9191
   77 |  0.1627    |   0.0670   |  98.09%  |   0.0191   |  0.9929   | 0.8600 |   0.9991    | 0.9794 | 0.0009 | 0.1400 |  0.9217  | 0.9217
   78 |  0.1615    |   0.0657   |  98.19%  |   0.0181   |  0.9973   | 0.8630 |   0.9997    | 0.9799 | 0.0003 | 0.1370 |  0.9253  | 0.9253
   79 |  0.1602    |   0.0662   |  97.95%  |   0.0205   |  0.9921   | 0.8517 |   0.9990    | 0.9779 | 0.0010 | 0.1483 |  0.9166  | 0.9166
   80 |  0.1614    |   0.0636   |  97.89%  |   0.0211   |  0.9929   | 0.8469 |   0.9991    | 0.9771 | 0.0009 | 0.1531 |  0.9141  | 0.9141
   81 |  0.1574    |   0.0635   |  98.06%  |   0.0194   |  0.9921   | 0.8588 |   0.9990    | 0.9791 | 0.0010 | 0.1412 |  0.9206  | 0.9206
   82 |  0.1557    |   0.0645   |  97.99%  |   0.0201   |  0.9947   | 0.8522 |   0.9993    | 0.9780 | 0.0007 | 0.1478 |  0.9179  | 0.9179
   83 |  0.1554    |   0.0667   |  98.11%  |   0.0189   |  0.9912   | 0.8624 |   0.9989    | 0.9798 | 0.0011 | 0.1376 |  0.9223  | 0.9223
   84 |  0.1555    |   0.0635   |  98.02%  |   0.0198   |  0.9938   | 0.8548 |   0.9992    | 0.9785 | 0.0008 | 0.1452 |  0.9191  | 0.9191
   85 |  0.1535    |   0.0624   |  98.21%  |   0.0179   |  0.9947   | 0.8670 |   0.9993    | 0.9805 | 0.0007 | 0.1330 |  0.9265  | 0.9265
   86 |  0.1515    |   0.0614   |  98.15%  |   0.0185   |  0.9920   | 0.8645 |   0.9990    | 0.9802 | 0.0010 | 0.1355 |  0.9239  | 0.9239
   87 |  0.1509    |   0.0639   |  97.99%  |   0.0201   |  0.9956   | 0.8516 |   0.9994    | 0.9779 | 0.0006 | 0.1484 |  0.9180  | 0.9180
   88 |  0.1518    |   0.0671   |  98.04%  |   0.0196   |  0.9938   | 0.8556 |   0.9992    | 0.9787 | 0.0008 | 0.1444 |  0.9195  | 0.9195
   89 |  0.1464    |   0.0663   |  98.09%  |   0.0191   |  0.9903   | 0.8624 |   0.9987    | 0.9797 | 0.0013 | 0.1376 |  0.9219  | 0.9219
   90 |  0.1513    |   0.0586   |  98.13%  |   0.0187   |  0.9947   | 0.8613 |   0.9993    | 0.9796 | 0.0007 | 0.1387 |  0.9232  | 0.9232
   91 |  0.1466    |   0.0605   |  98.17%  |   0.0183   |  0.9938   | 0.8648 |   0.9992    | 0.9802 | 0.0008 | 0.1352 |  0.9248  | 0.9248
   92 |  0.1451    |   0.0613   |  98.10%  |   0.0190   |  0.9938   | 0.8599 |   0.9992    | 0.9794 | 0.0008 | 0.1401 |  0.9220  | 0.9220
   93 |  0.1475    |   0.0599   |  98.36%  |   0.0164   |  0.9921   | 0.8791 |   0.9990    | 0.9825 | 0.0010 | 0.1209 |  0.9322  | 0.9322
   94 |  0.1417    |   0.0546   |  98.26%  |   0.0174   |  0.9956   | 0.8695 |   0.9994    | 0.9809 | 0.0006 | 0.1305 |  0.9283  | 0.9283
   95 |  0.1460    |   0.0639   |  98.09%  |   0.0191   |  0.9929   | 0.8599 |   0.9991    | 0.9794 | 0.0009 | 0.1401 |  0.9216  | 0.9216
   96 |  0.1460    |   0.0604   |  98.17%  |   0.0183   |  0.9929   | 0.8655 |   0.9991    | 0.9803 | 0.0009 | 0.1345 |  0.9248  | 0.9248
   97 |  0.1424    |   0.0548   |  98.36%  |   0.0164   |  0.9964   | 0.8752 |   0.9995    | 0.9820 | 0.0005 | 0.1248 |  0.9319  | 0.9319
   98 |  0.1381    |   0.0610   |  98.22%  |   0.0178   |  0.9903   | 0.8709 |   0.9987    | 0.9812 | 0.0013 | 0.1291 |  0.9268  | 0.9268
   99 |  0.1374    |   0.0549   |  98.35%  |   0.0165   |  0.9938   | 0.8770 |   0.9992    | 0.9822 | 0.0008 | 0.1230 |  0.9318  | 0.9318
  100 |  0.1379    |   0.0610   |  98.15%  |   0.0185   |  0.9877   | 0.8679 |   0.9984    | 0.9807 | 0.0016 | 0.1321 |  0.9239  | 0.9239
