Epoch | Train Loss | Test Loss  | Accuracy | Error Rate | Precision | Recall | Specificity |  NPV   |  FPR   |  FNR   | F1 Score | Fbeta Score
    1 |  1.8682    |   1.2228   |  70.14%  |   0.2986   |  0.6538   | 0.3152 |   0.9099    | 0.7111 | 0.0901 | 0.6848 |  0.4253  | 0.4253
    2 |  1.1557    |   0.7360   |  79.88%  |   0.2012   |  0.8856   | 0.3685 |   0.9800    | 0.7866 | 0.0200 | 0.6315 |  0.5205  | 0.5205
    3 |  0.8662    |   0.5364   |  84.62%  |   0.1538   |  0.9212   | 0.4348 |   0.9872    | 0.8359 | 0.0128 | 0.5652 |  0.5907  | 0.5907
    4 |  0.7025    |   0.4148   |  87.98%  |   0.1202   |  0.9561   | 0.4912 |   0.9934    | 0.8698 | 0.0066 | 0.5088 |  0.6489  | 0.6489
    5 |  0.6015    |   0.3468   |  89.81%  |   0.1019   |  0.9442   | 0.5394 |   0.9917    | 0.8919 | 0.0083 | 0.4606 |  0.6866  | 0.6866
    6 |  0.5270    |   0.2815   |  91.45%  |   0.0855   |  0.9671   | 0.5773 |   0.9953    | 0.9076 | 0.0047 | 0.4227 |  0.7230  | 0.7230
    7 |  0.4693    |   0.2539   |  92.44%  |   0.0756   |  0.9696   | 0.6073 |   0.9957    | 0.9185 | 0.0043 | 0.3927 |  0.7468  | 0.7468
    8 |  0.4275    |   0.2183   |  93.49%  |   0.0651   |  0.9781   | 0.6411 |   0.9970    | 0.9293 | 0.0030 | 0.3589 |  0.7745  | 0.7745
    9 |  0.3903    |   0.1948   |  94.05%  |   0.0595   |  0.9807   | 0.6611 |   0.9974    | 0.9353 | 0.0026 | 0.3389 |  0.7898  | 0.7898
   10 |  0.3603    |   0.1775   |  94.69%  |   0.0531   |  0.9867   | 0.6836 |   0.9982    | 0.9418 | 0.0018 | 0.3164 |  0.8077  | 0.8077
   11 |  0.3336    |   0.1627   |  95.18%  |   0.0482   |  0.9815   | 0.7079 |   0.9975    | 0.9480 | 0.0025 | 0.2921 |  0.8225  | 0.8225
   12 |  0.3127    |   0.1501   |  95.21%  |   0.0479   |  0.9859   | 0.7079 |   0.9981    | 0.9478 | 0.0019 | 0.2921 |  0.8241  | 0.8241
   13 |  0.2962    |   0.1383   |  95.75%  |   0.0425   |  0.9842   | 0.7336 |   0.9979    | 0.9541 | 0.0021 | 0.2664 |  0.8406  | 0.8406
   14 |  0.2764    |   0.1399   |  95.64%  |   0.0436   |  0.9833   | 0.7289 |   0.9978    | 0.9529 | 0.0022 | 0.2711 |  0.8372  | 0.8372
   15 |  0.2648    |   0.1294   |  96.14%  |   0.0386   |  0.9842   | 0.7527 |   0.9979    | 0.9585 | 0.0021 | 0.2473 |  0.8530  | 0.8530
   16 |  0.2567    |   0.1248   |  95.99%  |   0.0401   |  0.9868   | 0.7440 |   0.9982    | 0.9564 | 0.0018 | 0.2560 |  0.8484  | 0.8484
   17 |  0.2440    |   0.1164   |  96.32%  |   0.0368   |  0.9912   | 0.7584 |   0.9988    | 0.9596 | 0.0012 | 0.2416 |  0.8593  | 0.8593
   18 |  0.2352    |   0.1061   |  96.63%  |   0.0337   |  0.9877   | 0.7769 |   0.9984    | 0.9635 | 0.0016 | 0.2231 |  0.8697  | 0.8697
   19 |  0.2277    |   0.1099   |  96.55%  |   0.0345   |  0.9885   | 0.7713 |   0.9985    | 0.9626 | 0.0015 | 0.2287 |  0.8665  | 0.8665
   20 |  0.2146    |   0.1043   |  96.84%  |   0.0316   |  0.9903   | 0.7863 |   0.9987    | 0.9656 | 0.0013 | 0.2137 |  0.8766  | 0.8766
   21 |  0.2095    |   0.1025   |  96.77%  |   0.0323   |  0.9877   | 0.7842 |   0.9984    | 0.9651 | 0.0016 | 0.2158 |  0.8743  | 0.8743
   22 |  0.2031    |   0.1004   |  96.80%  |   0.0320   |  0.9886   | 0.7856 |   0.9985    | 0.9654 | 0.0015 | 0.2144 |  0.8755  | 0.8755
   23 |  0.1997    |   0.0958   |  96.96%  |   0.0304   |  0.9894   | 0.7938 |   0.9986    | 0.9671 | 0.0014 | 0.2062 |  0.8809  | 0.8809
   24 |  0.1893    |   0.0932   |  97.25%  |   0.0275   |  0.9921   | 0.8089 |   0.9990    | 0.9700 | 0.0010 | 0.1911 |  0.8912  | 0.8912
   25 |  0.1826    |   0.0905   |  97.23%  |   0.0277   |  0.9877   | 0.8102 |   0.9984    | 0.9703 | 0.0016 | 0.1898 |  0.8902  | 0.8902
   26 |  0.1840    |   0.0902   |  97.09%  |   0.0291   |  0.9920   | 0.7986 |   0.9990    | 0.9682 | 0.0010 | 0.2014 |  0.8848  | 0.8848
   27 |  0.1807    |   0.0834   |  97.31%  |   0.0269   |  0.9903   | 0.8139 |   0.9987    | 0.9709 | 0.0013 | 0.1861 |  0.8935  | 0.8935
   28 |  0.1725    |   0.0820   |  97.36%  |   0.0264   |  0.9868   | 0.8186 |   0.9983    | 0.9719 | 0.0017 | 0.1814 |  0.8949  | 0.8949
   29 |  0.1680    |   0.0822   |  97.40%  |   0.0260   |  0.9826   | 0.8244 |   0.9977    | 0.9729 | 0.0023 | 0.1756 |  0.8966  | 0.8966
   30 |  0.1652    |   0.0765   |  97.59%  |   0.0241   |  0.9869   | 0.8332 |   0.9983    | 0.9745 | 0.0017 | 0.1668 |  0.9036  | 0.9036
   31 |  0.1653    |   0.0758   |  97.58%  |   0.0242   |  0.9903   | 0.8296 |   0.9987    | 0.9739 | 0.0013 | 0.1704 |  0.9029  | 0.9029
   32 |  0.1594    |   0.0746   |  97.76%  |   0.0224   |  0.9903   | 0.8410 |   0.9987    | 0.9760 | 0.0013 | 0.1590 |  0.9096  | 0.9096
   33 |  0.1515    |   0.0702   |  97.80%  |   0.0220   |  0.9920   | 0.8417 |   0.9990    | 0.9762 | 0.0010 | 0.1583 |  0.9107  | 0.9107
   34 |  0.1525    |   0.0722   |  97.77%  |   0.0223   |  0.9921   | 0.8402 |   0.9990    | 0.9759 | 0.0010 | 0.1598 |  0.9098  | 0.9098
   35 |  0.1517    |   0.0693   |  97.80%  |   0.0220   |  0.9877   | 0.8453 |   0.9984    | 0.9767 | 0.0016 | 0.1547 |  0.9110  | 0.9110
   36 |  0.1465    |   0.0742   |  97.64%  |   0.0236   |  0.9912   | 0.8327 |   0.9988    | 0.9745 | 0.0012 | 0.1673 |  0.9051  | 0.9051
   37 |  0.1448    |   0.0659   |  97.76%  |   0.0224   |  0.9903   | 0.8409 |   0.9987    | 0.9760 | 0.0013 | 0.1591 |  0.9095  | 0.9095
   38 |  0.1395    |   0.0721   |  97.64%  |   0.0236   |  0.9895   | 0.8347 |   0.9986    | 0.9747 | 0.0014 | 0.1653 |  0.9055  | 0.9055
   39 |  0.1415    |   0.0674   |  97.77%  |   0.0223   |  0.9920   | 0.8398 |   0.9990    | 0.9759 | 0.0010 | 0.1602 |  0.9096  | 0.9096
   40 |  0.1367    |   0.0671   |  97.86%  |   0.0214   |  0.9877   | 0.8492 |   0.9984    | 0.9774 | 0.0016 | 0.1508 |  0.9132  | 0.9132
   41 |  0.1390    |   0.0692   |  97.74%  |   0.0226   |  0.9860   | 0.8432 |   0.9982    | 0.9763 | 0.0018 | 0.1568 |  0.9090  | 0.9090
   42 |  0.1340    |   0.0660   |  97.88%  |   0.0212   |  0.9912   | 0.8477 |   0.9988    | 0.9772 | 0.0012 | 0.1523 |  0.9138  | 0.9138
   43 |  0.1313    |   0.0689   |  97.95%  |   0.0205   |  0.9912   | 0.8527 |   0.9988    | 0.9780 | 0.0012 | 0.1473 |  0.9168  | 0.9168
   44 |  0.1323    |   0.0649   |  97.90%  |   0.0210   |  0.9982   | 0.8443 |   0.9998    | 0.9766 | 0.0002 | 0.1557 |  0.9148  | 0.9148
   45 |  0.1259    |   0.0624   |  98.01%  |   0.0199   |  0.9912   | 0.8562 |   0.9988    | 0.9787 | 0.0012 | 0.1438 |  0.9187  | 0.9187
   46 |  0.1258    |   0.0630   |  98.01%  |   0.0199   |  0.9920   | 0.8553 |   0.9990    | 0.9786 | 0.0010 | 0.1447 |  0.9186  | 0.9186
   47 |  0.1252    |   0.0599   |  98.08%  |   0.0192   |  0.9947   | 0.8578 |   0.9993    | 0.9790 | 0.0007 | 0.1422 |  0.9212  | 0.9212
   48 |  0.1227    |   0.0628   |  97.92%  |   0.0208   |  0.9895   | 0.8520 |   0.9986    | 0.9779 | 0.0014 | 0.1480 |  0.9156  | 0.9156
   49 |  0.1240    |   0.0547   |  98.26%  |   0.0174   |  0.9912   | 0.8726 |   0.9989    | 0.9815 | 0.0011 | 0.1274 |  0.9281  | 0.9281
   50 |  0.1198    |   0.0577   |  98.27%  |   0.0173   |  0.9877   | 0.8765 |   0.9984    | 0.9821 | 0.0016 | 0.1235 |  0.9288  | 0.9288
   51 |  0.1169    |   0.0588   |  98.12%  |   0.0188   |  0.9903   | 0.8642 |   0.9987    | 0.9800 | 0.0013 | 0.1358 |  0.9230  | 0.9230
   52 |  0.1168    |   0.0565   |  98.13%  |   0.0187   |  0.9903   | 0.8647 |   0.9987    | 0.9801 | 0.0013 | 0.1353 |  0.9233  | 0.9233
   53 |  0.1156    |   0.0565   |  98.28%  |   0.0172   |  0.9921   | 0.8736 |   0.9990    | 0.9816 | 0.0010 | 0.1264 |  0.9291  | 0.9291
   54 |  0.1122    |   0.0569   |  98.10%  |   0.0190   |  0.9921   | 0.8619 |   0.9990    | 0.9796 | 0.0010 | 0.1381 |  0.9224  | 0.9224
   55 |  0.1118    |   0.0573   |  98.10%  |   0.0190   |  0.9921   | 0.8614 |   0.9990    | 0.9796 | 0.0010 | 0.1386 |  0.9221  | 0.9221
   56 |  0.1092    |   0.0532   |  98.26%  |   0.0174   |  0.9904   | 0.8739 |   0.9987    | 0.9816 | 0.0013 | 0.1261 |  0.9285  | 0.9285
   57 |  0.1118    |   0.0543   |  98.21%  |   0.0179   |  0.9938   | 0.8674 |   0.9992    | 0.9806 | 0.0008 | 0.1326 |  0.9263  | 0.9263
   58 |  0.1105    |   0.0541   |  98.13%  |   0.0187   |  0.9929   | 0.8623 |   0.9991    | 0.9798 | 0.0009 | 0.1377 |  0.9230  | 0.9230
   59 |  0.1106    |   0.0526   |  98.30%  |   0.0170   |  0.9886   | 0.8781 |   0.9985    | 0.9823 | 0.0015 | 0.1219 |  0.9301  | 0.9301
   60 |  0.1065    |   0.0545   |  98.18%  |   0.0182   |  0.9938   | 0.8654 |   0.9992    | 0.9803 | 0.0008 | 0.1346 |  0.9252  | 0.9252
   61 |  0.1072    |   0.0503   |  98.37%  |   0.0163   |  0.9930   | 0.8793 |   0.9991    | 0.9825 | 0.0009 | 0.1207 |  0.9327  | 0.9327
   62 |  0.1038    |   0.0508   |  98.33%  |   0.0167   |  0.9956   | 0.8742 |   0.9994    | 0.9817 | 0.0006 | 0.1258 |  0.9310  | 0.9310
   63 |  0.1023    |   0.0472   |  98.42%  |   0.0158   |  0.9912   | 0.8843 |   0.9989    | 0.9833 | 0.0011 | 0.1157 |  0.9347  | 0.9347
   64 |  0.1029    |   0.0505   |  98.35%  |   0.0165   |  0.9938   | 0.8773 |   0.9992    | 0.9822 | 0.0008 | 0.1227 |  0.9320  | 0.9320
   65 |  0.1044    |   0.0517   |  98.33%  |   0.0167   |  0.9912   | 0.8779 |   0.9989    | 0.9823 | 0.0011 | 0.1221 |  0.9311  | 0.9311
   66 |  0.1038    |   0.0479   |  98.46%  |   0.0154   |  0.9921   | 0.8862 |   0.9990    | 0.9836 | 0.0010 | 0.1138 |  0.9362  | 0.9362
   67 |  0.0993    |   0.0540   |  98.28%  |   0.0172   |  0.9903   | 0.8751 |   0.9987    | 0.9818 | 0.0013 | 0.1249 |  0.9292  | 0.9292
   68 |  0.1007    |   0.0491   |  98.48%  |   0.0152   |  0.9956   | 0.8848 |   0.9994    | 0.9834 | 0.0006 | 0.1152 |  0.9369  | 0.9369
   69 |  0.0983    |   0.0492   |  98.44%  |   0.0156   |  0.9895   | 0.8870 |   0.9986    | 0.9837 | 0.0014 | 0.1130 |  0.9354  | 0.9354
   70 |  0.0997    |   0.0461   |  98.51%  |   0.0149   |  0.9938   | 0.8884 |   0.9992    | 0.9840 | 0.0008 | 0.1116 |  0.9381  | 0.9381
   71 |  0.0977    |   0.0471   |  98.55%  |   0.0145   |  0.9921   | 0.8925 |   0.9990    | 0.9847 | 0.0010 | 0.1075 |  0.9397  | 0.9397
   72 |  0.0955    |   0.0493   |  98.40%  |   0.0160   |  0.9895   | 0.8840 |   0.9986    | 0.9833 | 0.0014 | 0.1160 |  0.9338  | 0.9338
   73 |  0.0944    |   0.0475   |  98.59%  |   0.0141   |  0.9947   | 0.8931 |   0.9993    | 0.9848 | 0.0007 | 0.1069 |  0.9412  | 0.9412
   74 |  0.0955    |   0.0440   |  98.43%  |   0.0157   |  0.9947   | 0.8818 |   0.9993    | 0.9830 | 0.0007 | 0.1182 |  0.9349  | 0.9349
   75 |  0.0942    |   0.0446   |  98.48%  |   0.0152   |  0.9947   | 0.8854 |   0.9993    | 0.9835 | 0.0007 | 0.1146 |  0.9369  | 0.9369
   76 |  0.0924    |   0.0447   |  98.50%  |   0.0150   |  0.9965   | 0.8855 |   0.9995    | 0.9835 | 0.0005 | 0.1145 |  0.9377  | 0.9377
   77 |  0.0907    |   0.0455   |  98.56%  |   0.0144   |  0.9930   | 0.8927 |   0.9991    | 0.9847 | 0.0009 | 0.1073 |  0.9401  | 0.9401
   78 |  0.0927    |   0.0476   |  98.45%  |   0.0155   |  0.9938   | 0.8837 |   0.9992    | 0.9833 | 0.0008 | 0.1163 |  0.9356  | 0.9356
