Epoch | Train Loss | Test Loss  | Accuracy | Error Rate | Precision | Recall | Specificity |  NPV   |  FPR   |  FNR   | F1 Score | Fbeta Score
    1 |  2.2161    |   2.0415   |  44.11%  |   0.5589   |  0.4419   | 0.2111 |   0.6999    | 0.4408 | 0.3001 | 0.7889 |  0.2858  | 0.2858
    2 |  1.8867    |   1.6135   |  57.84%  |   0.4216   |  0.5804   | 0.2478 |   0.8518    | 0.5779 | 0.1482 | 0.7522 |  0.3474  | 0.3474
    3 |  1.5054    |   1.2125   |  73.30%  |   0.2670   |  0.7824   | 0.3215 |   0.9523    | 0.7248 | 0.0477 | 0.6785 |  0.4558  | 0.4558
    4 |  1.1686    |   0.8787   |  80.99%  |   0.1901   |  0.9239   | 0.3817 |   0.9870    | 0.7942 | 0.0130 | 0.6183 |  0.5403  | 0.5403
    5 |  0.9181    |   0.6567   |  85.15%  |   0.1485   |  0.9200   | 0.4455 |   0.9871    | 0.8421 | 0.0129 | 0.5545 |  0.6003  | 0.6003
    6 |  0.7473    |   0.5073   |  88.10%  |   0.1190   |  0.9463   | 0.4964 |   0.9919    | 0.8723 | 0.0081 | 0.5036 |  0.6512  | 0.6512
    7 |  0.6307    |   0.4082   |  89.62%  |   0.1038   |  0.9728   | 0.5243 |   0.9961    | 0.8863 | 0.0039 | 0.4757 |  0.6814  | 0.6814
    8 |  0.5486    |   0.3373   |  91.12%  |   0.0888   |  0.9815   | 0.5626 |   0.9974    | 0.9022 | 0.0026 | 0.4374 |  0.7152  | 0.7152
    9 |  0.4905    |   0.2967   |  92.04%  |   0.0796   |  0.9806   | 0.5900 |   0.9973    | 0.9127 | 0.0027 | 0.4100 |  0.7368  | 0.7368
   10 |  0.4497    |   0.2610   |  92.86%  |   0.0714   |  0.9850   | 0.6153 |   0.9979    | 0.9214 | 0.0021 | 0.3847 |  0.7575  | 0.7575
   11 |  0.4098    |   0.2303   |  93.71%  |   0.0629   |  0.9755   | 0.6502 |   0.9966    | 0.9321 | 0.0034 | 0.3498 |  0.7803  | 0.7803
   12 |  0.3818    |   0.2148   |  93.89%  |   0.0611   |  0.9850   | 0.6528 |   0.9979    | 0.9330 | 0.0021 | 0.3472 |  0.7852  | 0.7852
   13 |  0.3580    |   0.1938   |  94.40%  |   0.0560   |  0.9824   | 0.6741 |   0.9976    | 0.9391 | 0.0024 | 0.3259 |  0.7996  | 0.7996
   14 |  0.3359    |   0.1777   |  94.86%  |   0.0514   |  0.9816   | 0.6944 |   0.9975    | 0.9444 | 0.0025 | 0.3056 |  0.8134  | 0.8134
   15 |  0.3219    |   0.1650   |  95.20%  |   0.0480   |  0.9850   | 0.7073 |   0.9980    | 0.9478 | 0.0020 | 0.2927 |  0.8234  | 0.8234
   16 |  0.3063    |   0.1495   |  95.68%  |   0.0432   |  0.9877   | 0.7282 |   0.9983    | 0.9529 | 0.0017 | 0.2718 |  0.8383  | 0.8383
   17 |  0.2924    |   0.1489   |  95.51%  |   0.0449   |  0.9834   | 0.7233 |   0.9978    | 0.9515 | 0.0022 | 0.2767 |  0.8335  | 0.8335
   18 |  0.2777    |   0.1383   |  95.89%  |   0.0411   |  0.9851   | 0.7404 |   0.9980    | 0.9555 | 0.0020 | 0.2596 |  0.8454  | 0.8454
   19 |  0.2743    |   0.1410   |  95.76%  |   0.0424   |  0.9920   | 0.7291 |   0.9989    | 0.9532 | 0.0011 | 0.2709 |  0.8405  | 0.8405
   20 |  0.2653    |   0.1283   |  96.13%  |   0.0387   |  0.9868   | 0.7512 |   0.9982    | 0.9580 | 0.0018 | 0.2488 |  0.8530  | 0.8530
   21 |  0.2556    |   0.1212   |  96.34%  |   0.0366   |  0.9885   | 0.7605 |   0.9985    | 0.9602 | 0.0015 | 0.2395 |  0.8597  | 0.8597
   22 |  0.2460    |   0.1157   |  96.50%  |   0.0350   |  0.9833   | 0.7720 |   0.9978    | 0.9626 | 0.0022 | 0.2280 |  0.8650  | 0.8650
   23 |  0.2395    |   0.1195   |  96.40%  |   0.0360   |  0.9877   | 0.7645 |   0.9984    | 0.9610 | 0.0016 | 0.2355 |  0.8619  | 0.8619
   24 |  0.2332    |   0.1194   |  96.33%  |   0.0367   |  0.9851   | 0.7626 |   0.9980    | 0.9605 | 0.0020 | 0.2374 |  0.8597  | 0.8597
   25 |  0.2272    |   0.1126   |  96.50%  |   0.0350   |  0.9868   | 0.7699 |   0.9982    | 0.9622 | 0.0018 | 0.2301 |  0.8650  | 0.8650
   26 |  0.2248    |   0.1018   |  96.80%  |   0.0320   |  0.9903   | 0.7835 |   0.9987    | 0.9652 | 0.0013 | 0.2165 |  0.8748  | 0.8748
   27 |  0.2172    |   0.1068   |  96.56%  |   0.0344   |  0.9938   | 0.7685 |   0.9992    | 0.9620 | 0.0008 | 0.2315 |  0.8668  | 0.8668
   28 |  0.2101    |   0.1033   |  96.83%  |   0.0317   |  0.9842   | 0.7891 |   0.9979    | 0.9663 | 0.0021 | 0.2109 |  0.8759  | 0.8759
   29 |  0.2066    |   0.0993   |  96.93%  |   0.0307   |  0.9851   | 0.7952 |   0.9980    | 0.9673 | 0.0020 | 0.2048 |  0.8800  | 0.8800
   30 |  0.2074    |   0.0942   |  97.00%  |   0.0300   |  0.9851   | 0.7990 |   0.9980    | 0.9681 | 0.0020 | 0.2010 |  0.8824  | 0.8824
   31 |  0.1997    |   0.0947   |  96.94%  |   0.0306   |  0.9938   | 0.7897 |   0.9992    | 0.9663 | 0.0008 | 0.2103 |  0.8801  | 0.8801
   32 |  0.1951    |   0.0907   |  97.37%  |   0.0263   |  0.9885   | 0.8178 |   0.9985    | 0.9718 | 0.0015 | 0.1822 |  0.8951  | 0.8951
   33 |  0.1914    |   0.0881   |  97.22%  |   0.0278   |  0.9964   | 0.8034 |   0.9995    | 0.9691 | 0.0005 | 0.1966 |  0.8896  | 0.8896
   34 |  0.1867    |   0.0882   |  97.26%  |   0.0274   |  0.9947   | 0.8066 |   0.9993    | 0.9698 | 0.0007 | 0.1934 |  0.8908  | 0.8908
   35 |  0.1822    |   0.0864   |  97.42%  |   0.0258   |  0.9938   | 0.8175 |   0.9992    | 0.9717 | 0.0008 | 0.1825 |  0.8970  | 0.8970
   36 |  0.1817    |   0.0792   |  97.50%  |   0.0250   |  0.9895   | 0.8258 |   0.9986    | 0.9731 | 0.0014 | 0.1742 |  0.9002  | 0.9002
   37 |  0.1803    |   0.0839   |  97.34%  |   0.0266   |  0.9929   | 0.8136 |   0.9991    | 0.9709 | 0.0009 | 0.1864 |  0.8944  | 0.8944
   38 |  0.1778    |   0.0796   |  97.51%  |   0.0249   |  0.9903   | 0.8254 |   0.9987    | 0.9731 | 0.0013 | 0.1746 |  0.9004  | 0.9004
   39 |  0.1718    |   0.0822   |  97.60%  |   0.0240   |  0.9894   | 0.8312 |   0.9986    | 0.9743 | 0.0014 | 0.1688 |  0.9035  | 0.9035
   40 |  0.1676    |   0.0797   |  97.61%  |   0.0239   |  0.9895   | 0.8322 |   0.9986    | 0.9744 | 0.0014 | 0.1678 |  0.9041  | 0.9041
   41 |  0.1674    |   0.0795   |  97.61%  |   0.0239   |  0.9903   | 0.8311 |   0.9987    | 0.9743 | 0.0013 | 0.1689 |  0.9037  | 0.9037
   42 |  0.1634    |   0.0804   |  97.46%  |   0.0254   |  0.9894   | 0.8226 |   0.9986    | 0.9727 | 0.0014 | 0.1774 |  0.8983  | 0.8983
   43 |  0.1605    |   0.0734   |  97.68%  |   0.0232   |  0.9929   | 0.8336 |   0.9991    | 0.9747 | 0.0009 | 0.1664 |  0.9063  | 0.9063
   44 |  0.1639    |   0.0771   |  97.56%  |   0.0244   |  0.9929   | 0.8262 |   0.9991    | 0.9734 | 0.0009 | 0.1738 |  0.9019  | 0.9019
   45 |  0.1576    |   0.0789   |  97.51%  |   0.0249   |  0.9912   | 0.8248 |   0.9988    | 0.9730 | 0.0012 | 0.1752 |  0.9004  | 0.9004
   46 |  0.1562    |   0.0685   |  97.71%  |   0.0229   |  0.9912   | 0.8371 |   0.9988    | 0.9753 | 0.0012 | 0.1629 |  0.9076  | 0.9076
   47 |  0.1528    |   0.0705   |  97.84%  |   0.0216   |  0.9938   | 0.8432 |   0.9992    | 0.9764 | 0.0008 | 0.1568 |  0.9123  | 0.9123
   48 |  0.1512    |   0.0698   |  97.86%  |   0.0214   |  0.9903   | 0.8469 |   0.9987    | 0.9771 | 0.0013 | 0.1531 |  0.9130  | 0.9130
   49 |  0.1498    |   0.0700   |  97.84%  |   0.0216   |  0.9903   | 0.8457 |   0.9987    | 0.9769 | 0.0013 | 0.1543 |  0.9123  | 0.9123
   50 |  0.1488    |   0.0638   |  97.94%  |   0.0206   |  0.9912   | 0.8522 |   0.9988    | 0.9779 | 0.0012 | 0.1478 |  0.9165  | 0.9165
   51 |  0.1486    |   0.0701   |  97.65%  |   0.0235   |  0.9920   | 0.8325 |   0.9990    | 0.9745 | 0.0010 | 0.1675 |  0.9053  | 0.9053
   52 |  0.1443    |   0.0645   |  97.90%  |   0.0210   |  0.9903   | 0.8496 |   0.9987    | 0.9776 | 0.0013 | 0.1504 |  0.9146  | 0.9146
   53 |  0.1432    |   0.0652   |  97.88%  |   0.0212   |  0.9877   | 0.8503 |   0.9984    | 0.9777 | 0.0016 | 0.1497 |  0.9139  | 0.9139
   54 |  0.1415    |   0.0646   |  98.03%  |   0.0197   |  0.9920   | 0.8566 |   0.9990    | 0.9788 | 0.0010 | 0.1434 |  0.9194  | 0.9194
   55 |  0.1404    |   0.0635   |  98.07%  |   0.0193   |  0.9860   | 0.8644 |   0.9982    | 0.9800 | 0.0018 | 0.1356 |  0.9212  | 0.9212
   56 |  0.1359    |   0.0599   |  98.08%  |   0.0192   |  0.9894   | 0.8621 |   0.9986    | 0.9797 | 0.0014 | 0.1379 |  0.9214  | 0.9214
   57 |  0.1387    |   0.0611   |  97.98%  |   0.0202   |  0.9947   | 0.8516 |   0.9993    | 0.9779 | 0.0007 | 0.1484 |  0.9176  | 0.9176
   58 |  0.1369    |   0.0641   |  98.01%  |   0.0199   |  0.9929   | 0.8544 |   0.9991    | 0.9785 | 0.0009 | 0.1456 |  0.9185  | 0.9185
   59 |  0.1321    |   0.0649   |  97.87%  |   0.0213   |  0.9956   | 0.8436 |   0.9994    | 0.9766 | 0.0006 | 0.1564 |  0.9133  | 0.9133
   60 |  0.1315    |   0.0659   |  97.87%  |   0.0213   |  0.9903   | 0.8475 |   0.9987    | 0.9772 | 0.0013 | 0.1525 |  0.9134  | 0.9134
